 22 16 30 34 29 33 30 28  1 12
 12 14 32 30 27 31 31 35 11  6
 11 24 36 28 35 35 29 29 25 13
 12 21 35 30 35 36 33 34  9 22
 12 18 30 28 33 34 36 36  9 26
 26 16 36 28 35 31 31 33  5  6
 13  6 36 36 34 36 31 30 23 11
 12 21 33 31 31 31 28 27  5 24
 20 21 34 35 30 29 31 31  7  4
  4 16 36 30 36 36 31 32  9 10
 20 21 34 36 34 34 36 32 11  6
 10 23 32 28 30 32 30 32 11  6
  6 21 34 31 33 27 28 34  7 24
  5 10 28 29 32 32 33 29 23 19
  8 25 34 35 30 32 30 36  5 24
  4 16 35 29 30 30 34 36  1  8
  6 23 28 31 35 31 32 30  1 22
  8 18 32 29 32 34 27 28 11 24
  4 18 36 32 30 33 36 27  5  8
 20 23 32 31 35 35 31 31  7 10
  6 16 33 36 27 34 34 30  5 26
 12 18 28 34 27 32 34 29  9  8
 12 14 35 35 31 34 29 27  7 22
 24 23 31 27 29 33 35 27  7  8
  9 24 34 34 36 28 32 35 25 15
 22 25 28 36 35 27 31 36 11 12
 20 18 33 30 32 34 30 31  3 22
  6 25 33 27 27 36 33 33  9  4
  6 25 35 34 31 28 30 30  9  4
  8 18 29 31 35 30 36 35  1 22
  4 18 30 29 30 33 29 32  9 24
 12 21 29 28 28 27 36 30  7 26
 20 25 29 34 28 33 32 34  3 12
  5 22 31 30 32 30 32 36 25 13
  8 23 27 35 30 31 29 29  1 26
  4 21 34 36 32 35 29 30  9 20
  4 16 36 29 27 27 36 28  1 12
  8 21 31 32 28 28 34 35  9  4
 10 21 28 28 35 32 35 32  5 24
 12 16 27 36 34 33 36 28  1 26
 26 18 36 33 32 27 30 33  5 10
  4 23 36 33 36 29 28 28 11  8
  8 25 31 31 32 28 29 30  5 26
  5 26 31 27 31 33 35 29 21 15
  4 21 28 27 36 34 35 27  7  6
  6 16 32 30 36 31 35 36  5 26
 20 18 27 31 28 27 36 31  9 22
 22 25 35 29 30 35 29 36  9  8
 12 16 28 31 27 28 29 30  9  8
 11  4 34 31 34 33 31 30 14 13
 12 18 28 30 33 32 29 33 11 20
  6 25 36 30 34 27 32 31  5 12
 20 25 27 32 30 34 36 29  7  6
  6 21 31 27 32 28 34 33  9 12
 22 18 31 35 27 35 35 30  5 10
 19  6 34 31 27 31 35 34 16 13
 22 25 30 31 29 30 32 29  1 20
 26 18 35 34 32 32 30 36  5  8
 26 16 28 36 30 31 34 35  3 20
  8 25 27 27 31 28 31 36  7 12
  3 10 27 32 32 27 30 29 23 15
 12 25 32 36 36 35 29 34  9  4
 22 18 35 35 35 30 36 33  3 26
 12 16 33 30 36 35 28 30  9  8
 26 14 27 31 35 31 36 35  9 22
 24 18 31 32 36 30 29 33  3  4
 22 21 28 30 34 28 27 31  3  8
 11 10 29 29 35 35 30 35 14 19
 20 21 36 30 30 30 35 31  5 22
 26 23 27 32 27 35 36 33  9 12
  8 23 34 34 36 34 33 35  9 12
 24 21 32 33 33  6 36 32 11 22
 20 16 35 36 32 32 35 32 11 22
 20 16 33 32 30 31 28 28  5  6
 22 16 35 29 34 27 27 35 11 10
  4 14 32 36 30 28 28 31  5  6
 15 20 35 32 30 28 31 31 18 19
 15 12 35 27 34 30 31 29 23  5
 24 25 32 30 33 28 34 29  1 10
  6 16 30 35 33 32 31 27  7  4
  7 24 28 30 28 35 29 35 14 15
 24 21 33 33 35 34 33 29  5 26
  3  6 32 31 34 34 29 33 14 19
 24 21 31 29 30 27 30 28  7 22
  3 24 33 27 34 30 28 34 18 19
 13 26 32 28 32 34 29 28 16 19
 10 25 28 32 27 27 28 32 11  4
 10 23 30 34 32 27 27 28  9 12
 20 25 36 31 30 32 33 35  7  8
  6 18 35 34 35 34 36 36  9  4
  8 21 32 35 31 28 34 27 13  6
 12 25 32 28 34 32 30 30 15 24
 26 14 34 28 27 30 35 32 13 22
  4 14 33 33 27 27 32 27  5 12
  7  8 33 33 27 36 34 29 23  5
  1  4 32 27 29 27 34 27 25  5
 26 25 36 34 35 34 34 34 11 22
 24 21 30 33 33 28 36 36 11 22
 20 21 36 29 31 29 31 34  9 10
 12 23 28 36 27 36 32 34  5 24
 26 23 36 33 30 34 30 35  5  4
  4 21 32 30 28 31 35 30  7  8
  6 25 28 33 29 32 28 27  5  8
 12 14 31 35 36 34 28 36  3 20
 22 25 30 35 34 33 30 33  7  4
 20 25 27 31 31 33 27 28  7 10
  6 21 34 30 34 29 27 31  9 24
 12 18 30 31 33 30 28 29  9 22
 24 21 30 34 28 34 36 30 11 10
  4 23 35 30 36 36 35 33  9 12
 15 10 31 36 36 32 28 29 25 13
 22 14 35 28 33 36 29 35 11 20
  8 14 33 31 28 27 27 31  7 10
  4 16 34 31 34 30 33 36  5 24
  4 25 28 30 33 35 27 28  9 26
 26 21 33 34 31 29 33 33  7 22
 20 23 29 32 33 30 27 33  3  4
 26 14 31 29 30 28 32 33  3  6
  8 23 35 28 34 34 28 33  5 26
 12 25 35 29 36 30 27 35  9  6
  1 26 34 31 28 31 33 28 25  9
 26 16 28 30 30 30 34 28  7  6
 10 18 29 35 27 33 31 28  3  4
  4 21 34 31 28 32 35 27  7 10
 10 14 36 34 28 32 28 29  1 24
 13 20 33 33 30 35 27 35 18 11
  4 14 33 36 36 29 36 36  7 24
 26 23 28 29 35 34 28 28  9  6
 26 18 31 33 36 33 27 36  5 10
 24 21 30 32 35 29 31 30 11 22
 12 14 29 36 35 29 36 27 13 20
 12 14 29 36 35 29 36 27 13 20
  6 23 33 36 35 35 28 27 11  4
  4 25 29 35 36 35 35 32  7 10
