  8 14 29 32 28 29 35 30  3  4
 20 16 29 32 35 27 29 30  7 24
 22 18 30 29 27 33 35 29 11 10
 22 18 30 29 27 33 35 31 11 10
  4 21 35 33 31 35 32 31  7 24
 24 23 28 35 28 36 30 27  3  4
 20 23 36 34 30 34 36 30  5 26
  8 14 36 31 30 36 35 27  1 22
  6 21 34 29 33 27 28 29  1  4
  6 21 33 30 31 30 29 28  1 12
 10 21 27 30 36 35 31 27  9 26
 12 23 33 28 34 36 31 27  9 26
  8 16 36 32 29 32 34 33  7 24
 12 25 36 30 29 36 35 30  7 22
 12 23 29 35 28 27 29 31  7  6
  6 14 28 30 36 33 29 35 11 24
  6 14 36 36 31 33 28 33  1 20
  4 23 34 32 36 35 27 30  9 12
 22 16 29 29 33 31 33 29  3 20
  9  6 28 33 28 31 31 36 23 19
 26 14 36 30 30 28 29 33  3 10
 12 23 35 35 33 30 35 33  5 22
 12 23 29 35 28 29 28 27  9 22
  3  8 32 34 31 34 33 31 25 19
 20 21 27 34 31 30 33 36  5  4
 24 23 27 35 28 27 34 31  3  6
  8 23 28 33 30 27 36 31  1  4
  8 21 28 32 30 31 34 27 11  6
 26 16 31 36 31 29 32 31  3 10
 20 21 27 30 33 29 31 27  3 26
  8 18 29 29 34 30 31 28  5 26
  5 10 31 30 31 29 33 30 25 15
 12 25 31 27 29 35 30 29  7 10
 20 25 29 35 27 29 34 30 11 24
  6 16 27 29 34 35 27 35 11  8
  8 14 32 32 30 35 36 29 11 22
 20 25 32 35 27 34 34 28  5  8
 26 25 33 33 36 32 34 32  9 12
 26 25 35 32 27 30 29 29  3 10
 20 14 29 29 31 32 28 35 11 10
 22 18 30 29 27 33 35 30 11 10
  4 16 33 30 30 30 29 30  7 20
 12 16 34 31 30 35 33 27  7  4
  8 16 31 33 31 33 28 36 11  4
  9 24 31 30 35 28 36 36 14 19
 12 14 35 31 33 32 30 28  9 24
  8 23 29 33 34 33 36 34  9  4
  8 18 36 36 32 29 32 29  9 12
 26 18 28 30 33 36 29 28  7  4
 24 25 34 36 33 29 27 30  9 20
 26 23 33 27 36 33 32 27  1 12
 12 21 32 27 36 35 31 27  3 10
  4 18 32 33 33 36 35 27  7  6
 12 25 29 30 35 31 32 32  5 24
  9 20 36 27 34 29 31 27 14 15
 20 18 32 28 36 33 28 32  3  4
 11  4 29 36 28 28 29 36 25 19
  4 14 34 34 35 30 35 32  7 10
  4 14 34 34 35 30 35 33  7 10
 26 23 30 33 32 30 31 36  3  6
  4 14 29 32 32 34 33 34  5 12
 10 23 29 29 28 36 30 36  5 26
 26 18 31 31 33 31 32 31  3 10
 12 16 36 34 34 27 35 34  5 22
 10 25 32 30 28 36 30 31  1 22
  6 21 34 29 35 33 28 34  3  8
  1 20 29 34 32 34 36 28 18  9
 20 16 31 34 31 36 34 27  7 26
  3  8 36 32 28 30 27 31 18 19
  4 14 36 30 30 30 33 32  7 10
 24 25 36 28 34 33 36 35  3 20
  6 14 36 27 34 33 28 29  7 22
  4 23 29 31 35 27 32 33  5 26
  6 14 27 29 30 35 29 34  7 20
  7  4 29 30 28 32 32 36 14 19
 12 23 36 36 30 30 35 35  7 20
 20 16 33 36 27 33 28 31 11 24
  9 10 28 34 34 28 30 29 21 19
 26 21 27 30 29 27 32 28  9 22
 22 21 31 35 30 28 27 35  9 20
  9 12 35 27 32 33 30 32 21 19
 11 22 33 29 33 32 31 32 21 15
 26 18 31 27 28 33 32 35  7 24
 20 25 29 34 36 35 30 27  9 24
  8 23 28 27 32 30 34 29  9 12
  3 10 30 27 30 35 29 28 14 11
 24 14 34 30 27 33 30 34  9 12
 22 16 31 35 34 30 31 28  5 10
 20 18 34 28 28 35 36 30  9 12
 22 16 32 35 29 31 32 33  5  8
  8 16 27 27 35 33 31 29  7 24
 20 25 34 27 33 31 36 32  9 26
  4 23 30 34 28 27 28 28 11  6
 12 16 29 33 35 27 34 29  3 26
 20 16 36 28 27 28 29 30  9  8
  4 21 32 30 35 29 28 34  1 10
 22 21 28 28 35 33 35 27  7  6
 15 20 33 36 34 33 31 33 25 19
  1  6 27 36 30 36 30 33 23 19
 26 25 35 35 32 28 27 32  1  8
